service_id,monday,tuesday,wednesday,thursday,friday,saturday,sunday,start_date,end_date
IDFM:1,1,1,0,1,1,0,0,20220307,20220329
IDFM:10,1,1,1,1,1,0,0,20220307,20220330
IDFM:100,0,1,1,1,1,0,0,20220301,20220304
IDFM:121,1,1,0,1,0,0,0,20220307,20220329
IDFM:10000,0,0,0,0,0,1,0,20220305,20220326
IDFM:10001,1,1,1,1,1,0,0,20220301,20220330
IDFM:10338,1,1,1,1,1,1,0,20220301,20220330
IDFM:10605,0,0,0,0,0,1,1,20220305,20220327
IDFM:11161,0,0,1,0,0,0,0,20220301,20220330
IDFM:11469,0,0,1,0,0,1,0,20220302,20220330
IDFM:11509,0,0,1,0,0,1,0,20220309,20220330
IDFM:11515,0,0,1,0,0,0,0,20220309,20220330
IDFM:11516,1,1,1,1,1,1,0,20220307,20220330
IDFM:11867,1,1,1,1,1,0,1,20220301,20220330
IDFM:12190,0,0,0,0,1,0,0,20220304,20220325
IDFM:12855,1,0,1,1,0,0,0,20220302,20220330
IDFM:12856,0,1,0,0,1,0,0,20220301,20220329
IDFM:12883,1,0,1,1,0,1,0,20220302,20220330
IDFM:13273,1,1,0,1,1,0,0,20220301,20220329
IDFM:15458,1,1,1,1,1,1,0,20220301,20220330
IDFM:16609,0,0,0,0,0,1,1,20220305,20220306
IDFM:17837,0,0,1,1,1,0,0,20220302,20220304
IDFM:18406,0,0,1,0,0,1,0,20220302,20220305
IDFM:22060,1,1,1,1,1,0,0,20220308,20220330
IDFM:23910,1,1,1,1,1,1,1,20220301,20220330
IDFM:26695,0,0,0,0,0,1,1,20220312,20220327
IDFM:26722,1,1,1,1,1,1,1,20220307,20220330
IDFM:26739,1,1,1,1,1,0,1,20220307,20220330
IDFM:28289,0,0,0,1,0,0,1,20220303,20220327
IDFM:28306,1,1,1,0,1,0,0,20220301,20220330
IDFM:28352,1,1,1,0,1,1,0,20220301,20220330
IDFM:30187,0,1,1,1,1,1,1,20220301,20220330
IDFM:32220,1,1,0,1,1,1,0,20220307,20220329
IDFM:32455,1,1,0,1,1,1,0,20220301,20220329
IDFM:33023,1,1,1,1,1,0,0,20220314,20220330
IDFM:33024,1,1,1,1,1,0,0,20220307,20220311
IDFM:33133,1,1,1,1,1,1,0,20220314,20220330
IDFM:33175,1,1,1,1,1,1,0,20220307,20220312
IDFM:33214,0,0,1,0,0,0,0,20220316,20220330
IDFM:33220,0,0,1,0,0,0,0,20220309,20220309
IDFM:33288,0,1,0,1,0,1,1,20220308,20220329
IDFM:33295,0,1,0,1,0,0,0,20220308,20220329
IDFM:33353,0,1,0,0,1,0,1,20220308,20220329
IDFM:33412,0,0,0,0,0,1,1,20220319,20220327
IDFM:33438,0,0,0,0,0,1,1,20220312,20220313
IDFM:33929,0,0,1,0,0,1,0,20220316,20220330
IDFM:33931,1,1,0,1,1,0,0,20220314,20220329
IDFM:33932,0,0,1,0,0,1,0,20220309,20220312
IDFM:33934,1,1,0,1,1,0,0,20220307,20220311
IDFM:45543,1,0,1,1,1,0,0,20220307,20220330
IDFM:58483,1,0,0,1,0,0,0,20220307,20220328
IDFM:94678,1,0,0,0,0,0,0,20220301,20220328
IDFM:98831,0,0,0,0,0,0,1,20220301,20220327
IDFM:98837,0,0,0,0,0,0,1,20220301,20220327
IDFM:100000,0,0,0,0,0,1,0,20220305,20220305
IDFM:100073,0,0,0,0,0,0,1,20220306,20220306
IDFM:100216,0,1,1,1,1,1,0,20220301,20220305
IDFM:100218,1,0,0,0,0,0,0,20220307,20220307
IDFM:100220,0,1,1,1,1,1,0,20220308,20220330
IDFM:100222,1,0,0,0,0,0,0,20220314,20220328
IDFM:100224,0,0,0,0,0,1,0,20220312,20220326
IDFM:100352,0,0,0,0,0,0,1,20220313,20220327
IDFM:100783,1,1,1,1,1,1,0,20220305,20220330
IDFM:100997,0,0,0,0,0,0,1,20220306,20220327
IDFM:101089,0,1,1,1,1,1,0,20220301,20220330
IDFM:101093,1,0,0,0,0,0,0,20220307,20220328
IDFM:102401,0,0,0,0,0,0,1,20220313,20220313
IDFM:102477,0,1,1,1,0,0,0,20220301,20220303
IDFM:102546,0,0,0,0,0,0,1,20220320,20220327
IDFM:102630,1,0,0,0,0,0,0,20220314,20220314
IDFM:102902,1,0,0,0,0,0,0,20220321,20220328
IDFM:103298,0,0,0,0,0,0,1,20220306,20220327
IDFM:107167,0,0,1,1,1,1,0,20220302,20220305
IDFM:107452,0,1,0,0,0,0,0,20220301,20220301
IDFM:107954,0,1,1,1,1,0,0,20220308,20220330
IDFM:107962,0,0,1,1,1,1,0,20220309,20220330
IDFM:107965,0,1,0,0,0,0,0,20220308,20220329
IDFM:108647,0,1,1,1,1,0,0,20220301,20220330
IDFM:113943,0,0,0,0,1,0,0,20220304,20220304
IDFM:113961,0,0,0,0,1,0,0,20220311,20220325
IDFM:113989,1,1,1,1,0,0,0,20220307,20220330
IDFM:116249,0,0,1,1,1,1,0,20220302,20220330
IDFM:116251,0,1,0,0,0,0,0,20220301,20220329
IDFM:120182,1,1,1,1,1,0,0,20220301,20220330
IDFM:120647,0,1,1,1,1,1,1,20220301,20220306
IDFM:125258,0,1,1,1,1,1,1,20220308,20220330
IDFM:125268,0,1,1,1,1,0,1,20220301,20220306
IDFM:138912,0,0,1,0,0,0,0,20220302,20220302
IDFM:140145,0,1,1,0,1,1,0,20220308,20220330
IDFM:140157,0,0,0,1,0,0,0,20220310,20220324
IDFM:140163,0,0,0,1,0,0,0,20220303,20220303
IDFM:140166,0,1,1,0,1,1,0,20220301,20220305
IDFM:140508,0,1,0,1,1,0,0,20220301,20220304
IDFM:140721,0,0,0,0,1,0,0,20220301,20220325
IDFM:140860,0,0,0,0,0,1,0,20220301,20220326
IDFM:140952,0,0,0,0,0,1,1,20220306,20220327
IDFM:140958,0,1,1,1,1,1,1,20220306,20220330
IDFM:140959,1,0,0,0,0,0,0,20220301,20220328
IDFM:140961,1,0,0,0,0,0,0,20220301,20220328
IDFM:140965,0,0,0,0,0,0,1,20220301,20220327
IDFM:140976,0,0,0,0,0,0,1,20220305,20220327
IDFM:140978,0,0,0,0,0,0,1,20220301,20220327
IDFM:143252,0,0,1,0,0,0,0,20220302,20220330
IDFM:143356,1,1,0,1,1,0,0,20220301,20220329
IDFM:143405,1,1,1,1,0,0,0,20220301,20220330
IDFM:143432,0,0,0,1,0,0,0,20220303,20220324
IDFM:143433,0,1,1,0,1,1,0,20220301,20220330
IDFM:143444,1,1,0,1,0,0,0,20220301,20220329
IDFM:143585,0,1,1,0,1,0,0,20220301,20220330
IDFM:145467,1,0,0,0,0,1,1,20220306,20220328
IDFM:145557,0,0,1,0,1,0,0,20220309,20220330
IDFM:145914,1,0,0,0,0,0,1,20220306,20220328
IDFM:145937,0,1,1,0,1,0,0,20220308,20220330
IDFM:148067,0,0,0,0,1,0,0,20220301,20220325
IDFM:150845,0,0,0,0,0,1,0,20220301,20220326
IDFM:152637,1,1,1,0,1,0,0,20220307,20220330
IDFM:152832,0,1,1,0,1,0,0,20220301,20220304
IDFM:153111,1,1,0,0,1,0,0,20220307,20220329
IDFM:153877,0,1,1,0,0,1,0,20220308,20220330
IDFM:154125,1,1,0,0,0,0,0,20220307,20220329
IDFM:164705,1,1,1,1,1,0,1,20220306,20220330
IDFM:164712,0,0,0,1,0,1,0,20220310,20220326
IDFM:165185,0,0,0,0,0,1,0,20220319,20220319
IDFM:165258,0,0,0,0,0,0,1,20220320,20220320
IDFM:166712,0,0,0,0,0,0,1,20220306,20220327
IDFM:166733,1,0,0,0,0,0,0,20220321,20220321
IDFM:166817,0,0,0,0,0,1,0,20220305,20220326
IDFM:172410,0,1,1,0,1,1,0,20220301,20220330
IDFM:172482,0,0,0,1,0,0,0,20220301,20220324
IDFM:174184,1,0,0,0,0,0,0,20220307,20220314
IDFM:174192,0,0,0,0,0,1,0,20220312,20220312
IDFM:174284,0,0,0,0,0,0,1,20220306,20220313
IDFM:174556,0,0,0,0,0,1,0,20220319,20220326
IDFM:175996,0,0,0,0,0,1,0,20220305,20220312
IDFM:177352,0,0,0,0,0,1,1,20220305,20220313
IDFM:179129,0,1,0,1,1,0,0,20220301,20220329
IDFM:184979,1,1,1,1,0,0,0,20220301,20220330
IDFM:190615,0,1,0,0,1,0,0,20220308,20220329
IDFM:190695,1,0,1,1,0,0,0,20220307,20220330
IDFM:190766,0,1,0,0,1,0,0,20220301,20220304
IDFM:190839,0,0,1,1,0,0,0,20220302,20220303
IDFM:191173,0,1,0,1,1,0,0,20220308,20220329
IDFM:199453,0,1,0,1,0,0,0,20220301,20220303
IDFM:200031,0,0,0,0,0,1,0,20220302,20220326
IDFM:200345,1,0,1,1,0,1,0,20220305,20220330
IDFM:234764,1,0,0,0,0,0,0,20220307,20220328
IDFM:234898,0,0,0,0,0,1,0,20220305,20220326
IDFM:236665,0,1,1,1,0,0,0,20220308,20220330
IDFM:236749,0,1,1,0,0,0,0,20220301,20220302
IDFM:237179,0,1,1,1,0,0,0,20220301,20220330
IDFM:237239,1,0,0,0,0,0,0,20220301,20220328
IDFM:237256,1,0,0,0,0,0,0,20220303,20220328
IDFM:237362,0,0,1,1,1,0,0,20220309,20220330
IDFM:237944,0,0,0,0,1,0,0,20220303,20220325
IDFM:238018,1,0,0,0,0,0,0,20220301,20220328
IDFM:238034,1,0,0,0,0,0,0,20220304,20220328
IDFM:238272,0,1,1,1,0,0,0,20220301,20220330
IDFM:242520,0,0,0,0,0,0,1,20220306,20220327
IDFM:242528,0,0,0,0,0,1,0,20220305,20220326
IDFM:242646,1,0,0,0,0,0,0,20220314,20220321
IDFM:242649,0,0,0,0,0,0,1,20220313,20220320
IDFM:242661,1,0,0,0,0,0,0,20220307,20220328
IDFM:242712,0,0,0,0,0,1,0,20220312,20220319
IDFM:252513,1,1,1,1,1,0,0,20220301,20220330
IDFM:259604,0,0,1,0,0,1,0,20220301,20220330
IDFM:268940,0,0,0,0,0,1,1,20220301,20220327
IDFM:268949,0,0,0,0,0,1,1,20220301,20220327
IDFM:269669,0,0,0,0,1,1,0,20220311,20220326
IDFM:271449,0,0,1,0,1,0,0,20220302,20220330
IDFM:292260,1,1,1,1,1,1,1,20220301,20220330
IDFM:295656,1,1,1,1,0,0,1,20220301,20220330
IDFM:296337,0,0,0,0,1,1,0,20220304,20220326
IDFM:298419,1,1,1,1,1,0,0,20220301,20220330
IDFM:298562,1,1,1,1,1,1,0,20220301,20220330
IDFM:305342,0,0,0,0,1,1,0,20220304,20220305
IDFM:305360,1,1,1,0,0,0,0,20220307,20220330
IDFM:305365,0,0,0,1,1,0,0,20220303,20220304
IDFM:306029,0,0,0,1,1,0,0,20220310,20220325
IDFM:310209,0,0,0,0,1,1,1,20220304,20220327
IDFM:312401,0,0,0,1,1,0,0,20220303,20220325
IDFM:312423,0,0,1,1,1,0,0,20220302,20220330
IDFM:312468,0,1,1,0,0,0,0,20220301,20220330
IDFM:312548,0,1,1,1,0,0,0,20220301,20220330
IDFM:312645,0,0,1,1,0,0,0,20220302,20220330
IDFM:315205,1,1,1,1,1,0,0,20220305,20220330
IDFM:315694,1,1,1,1,1,0,0,20220301,20220330
IDFM:316659,0,0,0,0,0,1,0,20220305,20220319
IDFM:316689,0,0,0,0,0,1,0,20220312,20220326
IDFM:316709,0,0,0,0,0,0,1,20220306,20220320
IDFM:316770,0,0,0,0,1,0,0,20220311,20220325
IDFM:316786,0,0,0,0,1,0,0,20220301,20220321
IDFM:316850,0,1,1,1,1,0,0,20220308,20220330
IDFM:316853,1,0,0,0,0,0,0,20220314,20220328
IDFM:316960,1,1,1,1,0,0,0,20220307,20220330
IDFM:316978,1,1,1,1,0,0,0,20220307,20220330
IDFM:317002,0,0,0,0,0,0,1,20220313,20220327
IDFM:317009,1,0,0,0,0,0,0,20220307,20220321
IDFM:317019,0,1,0,0,0,1,0,20220301,20220322
IDFM:317374,0,0,0,0,1,0,0,20220304,20220318
IDFM:318587,0,0,0,0,0,1,1,20220305,20220326
IDFM:318609,0,0,0,0,0,0,1,20220327,20220327
IDFM:318664,0,0,0,0,0,1,0,20220326,20220326
IDFM:318668,0,0,0,0,1,1,0,20220304,20220325
IDFM:318737,1,1,1,1,1,1,1,20220301,20220330
IDFM:319248,0,0,0,0,0,0,1,20220306,20220320
IDFM:319284,1,1,1,1,1,0,1,20220301,20220330
IDFM:320222,1,1,1,1,1,0,0,20220301,20220325
IDFM:320227,1,1,1,1,0,0,1,20220301,20220324
IDFM:324913,0,1,0,0,1,0,0,20220302,20220329
IDFM:324929,0,1,0,0,1,0,0,20220301,20220329
IDFM:324985,1,0,1,1,0,0,0,20220301,20220330
IDFM:325608,1,0,1,1,0,0,0,20220301,20220330
IDFM:326839,0,0,0,0,0,1,0,20220301,20220326
IDFM:329062,0,0,0,0,0,1,1,20220319,20220320
IDFM:329082,1,1,1,1,1,1,0,20220301,20220330
IDFM:329100,1,0,0,0,0,0,0,20220307,20220328
IDFM:329488,1,1,1,1,1,0,0,20220301,20220330
IDFM:330581,0,0,0,0,0,1,0,20220305,20220326
IDFM:348080,1,1,1,1,1,0,0,20220307,20220330
IDFM:357432,1,1,1,1,0,1,1,20220301,20220330
IDFM:370499,0,0,0,0,0,1,1,20220305,20220330
IDFM:387529,1,1,1,1,1,1,1,20220301,20220326
IDFM:387629,1,1,1,1,1,1,1,20220302,20220330
IDFM:387632,1,1,1,1,1,1,1,20220302,20220327
IDFM:387633,1,1,1,1,1,1,1,20220302,20220330
IDFM:387698,0,1,1,1,1,1,0,20220302,20220330
IDFM:387762,0,1,1,1,1,1,0,20220315,20220330
IDFM:387901,1,1,1,1,1,0,0,20220302,20220330
IDFM:387927,0,0,0,0,0,1,1,20220305,20220327
IDFM:387928,1,0,0,0,0,0,1,20220306,20220328
IDFM:388072,1,1,1,1,1,0,0,20220301,20220330
IDFM:388073,1,1,1,1,1,0,0,20220301,20220330
IDFM:388094,0,0,0,0,0,1,1,20220312,20220320
IDFM:388188,0,0,0,0,0,1,1,20220305,20220327
IDFM:388231,0,0,0,0,0,1,1,20220305,20220327
IDFM:388294,0,0,0,0,1,0,0,20220318,20220325
IDFM:388295,1,1,1,1,0,0,0,20220314,20220330
IDFM:388296,0,0,0,1,1,0,0,20220303,20220311
IDFM:388406,0,0,0,0,0,1,1,20220305,20220327
IDFM:388657,1,1,1,1,1,0,0,20220303,20220330
IDFM:388867,1,1,1,0,0,0,0,20220321,20220330
IDFM:388917,0,0,0,0,0,1,0,20220305,20220319
IDFM:388918,1,1,1,1,1,0,0,20220301,20220318
IDFM:388999,1,0,0,0,0,0,1,20220306,20220328
IDFM:389087,1,1,1,1,1,1,1,20220301,20220330
IDFM:389195,1,1,1,1,1,1,1,20220301,20220330
IDFM:389206,0,0,0,0,1,0,0,20220311,20220311
IDFM:389211,1,1,1,1,1,1,1,20220301,20220330
IDFM:389215,0,0,0,0,0,1,0,20220305,20220326
IDFM:389219,1,1,1,1,1,1,1,20220301,20220330
IDFM:389268,1,1,1,1,1,1,0,20220302,20220330
IDFM:389269,1,0,0,0,0,0,0,20220328,20220328
IDFM:389274,1,1,1,1,1,0,0,20220321,20220325
IDFM:389278,0,0,0,0,1,0,0,20220318,20220318
IDFM:389280,1,1,1,1,0,0,0,20220314,20220317
IDFM:389285,1,1,1,0,0,0,0,20220328,20220330
IDFM:389286,0,1,1,0,0,0,0,20220315,20220330
IDFM:389287,1,1,1,1,1,0,0,20220314,20220318
IDFM:389288,0,1,1,1,1,1,0,20220308,20220312
IDFM:389298,0,1,1,1,1,0,0,20220301,20220325
IDFM:389300,0,1,0,0,0,0,0,20220329,20220329
IDFM:389301,0,1,0,0,0,0,0,20220315,20220329
IDFM:389306,0,1,1,0,0,0,0,20220315,20220316
IDFM:389309,1,1,1,1,1,1,0,20220302,20220330
IDFM:389365,1,0,0,0,0,0,0,20220307,20220330
IDFM:389397,0,1,1,1,1,0,0,20220308,20220311
IDFM:389399,1,1,1,1,1,0,0,20220301,20220330
IDFM:389403,1,1,1,1,0,0,0,20220307,20220310
IDFM:389410,1,1,1,1,1,1,1,20220301,20220330
IDFM:389412,0,0,1,0,0,0,0,20220309,20220316
IDFM:389433,1,1,1,1,1,1,1,20220301,20220330
IDFM:389434,1,1,1,1,1,1,1,20220301,20220330
IDFM:389437,1,1,1,1,1,1,1,20220301,20220330
IDFM:389441,1,1,1,1,1,0,1,20220301,20220330
IDFM:389442,1,1,1,1,1,1,0,20220301,20220330
IDFM:389470,0,0,0,0,0,1,1,20220305,20220326
IDFM:389473,1,1,1,1,1,0,0,20220301,20220330
IDFM:389475,1,1,1,1,1,0,0,20220306,20220330
IDFM:389476,0,0,0,0,0,1,1,20220312,20220327
IDFM:389483,0,0,0,0,0,1,0,20220305,20220327
IDFM:389498,1,1,1,1,1,1,1,20220301,20220330
IDFM:389502,1,1,1,1,1,1,1,20220303,20220330
IDFM:389569,1,1,1,1,1,0,0,20220301,20220330
IDFM:389571,1,1,1,1,1,0,0,20220301,20220330
IDFM:389574,1,1,1,1,1,0,0,20220301,20220330
IDFM:389575,1,1,1,1,1,0,0,20220301,20220330
IDFM:389576,1,1,1,1,1,1,0,20220301,20220330
IDFM:389587,0,0,0,0,0,0,1,20220306,20220327
IDFM:389654,0,1,1,1,1,1,0,20220322,20220326
IDFM:389660,0,1,1,0,0,0,0,20220329,20220330
IDFM:389662,0,0,1,0,0,0,0,20220315,20220323
IDFM:389682,0,1,1,1,1,1,0,20220315,20220319
IDFM:389685,1,1,1,0,0,0,0,20220314,20220330
IDFM:389717,0,0,1,0,0,0,0,20220330,20220330
IDFM:389718,0,0,1,0,0,0,0,20220309,20220316
IDFM:389719,0,1,1,0,0,0,0,20220308,20220309
IDFM:389731,0,1,1,0,0,0,0,20220308,20220316
IDFM:389858,0,0,0,0,0,0,1,20220306,20220320
IDFM:389863,1,0,0,0,0,0,0,20220307,20220321
IDFM:389867,0,0,0,0,0,1,1,20220301,20220327
IDFM:389869,0,0,0,0,0,0,1,20220306,20220328
IDFM:389872,1,1,1,1,1,1,1,20220305,20220330
IDFM:389877,1,1,1,1,1,1,0,20220302,20220330
IDFM:389894,1,1,1,1,1,0,0,20220301,20220330
IDFM:389901,1,1,1,1,1,0,0,20220301,20220329
IDFM:389902,1,1,0,1,1,1,0,20220301,20220330
IDFM:389903,1,1,0,1,1,0,0,20220301,20220330
IDFM:389912,0,0,0,0,0,1,1,20220305,20220327
IDFM:389913,0,0,0,0,0,1,0,20220305,20220327
IDFM:389934,1,1,0,1,1,1,1,20220301,20220330
IDFM:389939,1,1,1,1,1,0,0,20220301,20220328
IDFM:389965,1,1,0,1,1,1,1,20220301,20220330
IDFM:389968,1,1,1,1,1,1,0,20220301,20220330
IDFM:389972,1,1,0,1,1,0,0,20220301,20220328
IDFM:390006,0,1,1,1,1,0,0,20220308,20220318
IDFM:390013,0,0,1,0,0,0,0,20220302,20220330
IDFM:390042,1,1,1,1,1,0,0,20220301,20220330
IDFM:390054,0,0,0,0,0,1,0,20220305,20220327
IDFM:390058,1,1,1,1,1,0,0,20220301,20220330
IDFM:390167,0,0,0,0,0,1,1,20220305,20220326
IDFM:390202,0,0,1,0,0,0,0,20220302,20220330
IDFM:390272,0,1,0,0,0,0,0,20220322,20220329
IDFM:390279,0,1,1,1,1,1,1,20220315,20220320
IDFM:390292,0,1,1,1,1,1,0,20220302,20220330
IDFM:390313,0,0,0,0,0,0,1,20220306,20220327
IDFM:390315,0,0,0,0,0,0,1,20220306,20220320
IDFM:390322,1,1,1,1,1,0,0,20220301,20220329
IDFM:390412,1,1,1,1,1,1,1,20220301,20220328
IDFM:390413,1,1,0,1,1,1,1,20220301,20220328
IDFM:390478,1,1,1,1,1,1,1,20220302,20220330
IDFM:390492,0,0,0,0,0,1,1,20220305,20220320
IDFM:390540,1,1,1,1,1,1,1,20220301,20220330
IDFM:390635,0,0,0,0,0,1,1,20220305,20220320
IDFM:390681,0,0,0,0,0,1,1,20220301,20220324
IDFM:390682,0,1,1,1,0,0,0,20220301,20220324
IDFM:390683,0,1,0,1,0,0,0,20220315,20220324
IDFM:390722,1,1,1,0,1,0,0,20220301,20220330
IDFM:390787,0,0,0,0,0,1,1,20220301,20220325
IDFM:390815,0,0,0,0,0,1,1,20220326,20220327
IDFM:391034,1,1,1,1,1,0,0,20220301,20220330
IDFM:391082,1,1,1,1,1,0,0,20220301,20220330
IDFM:391424,1,1,1,1,1,1,1,20220301,20220330
IDFM:391434,1,1,1,1,1,1,0,20220301,20220330
IDFM:391474,0,0,0,0,0,1,1,20220305,20220327
IDFM:391493,1,1,1,1,1,1,0,20220301,20220330
IDFM:391522,1,1,1,1,1,1,1,20220301,20220330
IDFM:391525,1,1,1,1,1,1,1,20220301,20220330
IDFM:391530,1,1,1,1,1,1,0,20220301,20220330
IDFM:391536,1,1,1,1,1,1,1,20220301,20220330
IDFM:391551,0,1,1,1,1,0,0,20220301,20220311
IDFM:391552,0,1,1,1,1,0,0,20220301,20220311
IDFM:391561,1,1,1,0,0,1,1,20220312,20220330
IDFM:391562,1,1,1,0,0,1,1,20220305,20220330
IDFM:391565,1,1,1,1,1,1,0,20220301,20220330
IDFM:391578,0,1,1,0,1,1,1,20220301,20220330
IDFM:391586,1,1,1,1,1,1,1,20220301,20220330
IDFM:391631,1,1,1,1,1,1,1,20220301,20220324
IDFM:391646,1,1,1,1,1,1,1,20220301,20220330
IDFM:391673,1,1,1,1,1,1,1,20220301,20220330
IDFM:391684,1,0,1,0,0,0,0,20220328,20220330
IDFM:391706,0,0,0,0,0,0,1,20220319,20220327
IDFM:391717,1,1,1,1,1,1,1,20220301,20220329
IDFM:391720,1,1,1,1,1,1,1,20220301,20220330
IDFM:391728,1,1,1,1,1,0,1,20220301,20220330
IDFM:391738,1,1,1,1,1,0,0,20220301,20220330
IDFM:391773,0,0,0,0,0,1,1,20220304,20220320
IDFM:391782,0,1,0,0,0,0,0,20220301,20220329
IDFM:391783,0,1,0,0,0,0,0,20220301,20220329
IDFM:391784,0,0,0,1,0,0,0,20220301,20220311
IDFM:391787,1,1,1,1,1,1,1,20220302,20220330
IDFM:391795,1,1,1,1,1,1,1,20220301,20220330
IDFM:391796,0,1,1,1,0,0,0,20220301,20220324
IDFM:391816,1,0,1,1,1,1,1,20220302,20220330
IDFM:391822,1,1,1,1,1,0,0,20220301,20220330
IDFM:391851,1,1,1,0,1,1,1,20220304,20220327
IDFM:391853,1,1,1,0,1,1,0,20220304,20220326
IDFM:391861,0,0,0,1,1,0,0,20220310,20220311
IDFM:391863,1,1,1,1,1,1,1,20220301,20220327
IDFM:391866,0,1,1,1,1,1,1,20220301,20220327
IDFM:391872,1,1,1,1,1,1,0,20220312,20220326
IDFM:391876,0,0,1,1,1,1,1,20220302,20220327
IDFM:391877,0,0,1,1,1,0,0,20220302,20220325
IDFM:391878,0,0,1,1,0,1,0,20220302,20220326
IDFM:391880,1,1,1,1,1,1,1,20220312,20220327
IDFM:391913,1,1,1,1,0,0,0,20220301,20220330
IDFM:391916,1,1,1,1,1,0,0,20220301,20220330
IDFM:391917,0,1,1,0,1,0,0,20220301,20220330
IDFM:391927,1,1,0,1,0,0,0,20220307,20220324
IDFM:391937,0,0,0,0,0,1,0,20220305,20220326
IDFM:391956,1,1,1,0,0,1,0,20220305,20220330
IDFM:391978,0,0,0,0,0,0,1,20220306,20220326
IDFM:391979,0,0,0,0,0,1,0,20220305,20220326
IDFM:392018,0,0,0,0,0,1,1,20220305,20220319
IDFM:392071,1,1,1,1,0,0,0,20220314,20220330
IDFM:392086,1,1,1,1,1,1,1,20220301,20220330
IDFM:392087,1,1,1,1,1,1,1,20220301,20220328
IDFM:392093,0,0,0,0,0,1,1,20220305,20220330
IDFM:392100,1,1,1,1,1,0,0,20220301,20220330
IDFM:392140,0,0,0,0,0,1,1,20220305,20220327
IDFM:392186,1,1,1,1,1,1,1,20220301,20220330
IDFM:392267,1,1,1,0,0,0,1,20220305,20220330
IDFM:392272,1,1,1,0,0,0,1,20220305,20220330
IDFM:392273,1,1,1,0,0,0,0,20220305,20220330
IDFM:392274,1,1,1,0,0,1,0,20220305,20220330
IDFM:392281,0,1,1,1,0,0,0,20220301,20220310
IDFM:392282,1,1,1,0,0,0,0,20220308,20220330
IDFM:392293,1,1,1,1,1,0,0,20220314,20220330
IDFM:392297,0,0,0,0,1,0,0,20220304,20220311
IDFM:392301,0,0,1,1,1,0,0,20220301,20220311
IDFM:392310,0,0,1,1,1,0,0,20220302,20220311
IDFM:392392,1,1,1,1,1,0,0,20220314,20220325
IDFM:392395,1,0,0,0,0,0,0,20220306,20220328
IDFM:392396,0,0,0,0,0,0,1,20220305,20220327
IDFM:392397,1,1,1,1,1,0,0,20220301,20220330
IDFM:392399,0,0,0,0,1,0,0,20220304,20220325
IDFM:392441,1,1,1,1,0,0,1,20220301,20220330
IDFM:392444,0,0,0,0,0,0,1,20220305,20220327
IDFM:392456,1,1,1,1,1,0,0,20220302,20220330
IDFM:392458,1,1,1,1,1,0,0,20220301,20220330
IDFM:392459,1,1,1,1,1,0,1,20220301,20220330
IDFM:392554,1,1,1,1,1,0,0,20220305,20220330
IDFM:392573,0,0,0,0,0,1,1,20220305,20220320
IDFM:392685,0,0,0,0,0,1,1,20220301,20220313
IDFM:392795,1,1,1,1,1,1,1,20220301,20220330
IDFM:392799,1,0,0,0,0,0,1,20220313,20220321
IDFM:392949,1,1,1,1,1,0,0,20220301,20220330
IDFM:392950,1,1,1,1,1,0,0,20220301,20220330
IDFM:392952,1,1,1,1,1,0,0,20220302,20220330
IDFM:393053,1,1,1,1,1,0,0,20220302,20220330
IDFM:393055,1,1,1,1,1,0,0,20220301,20220330
IDFM:393447,1,1,1,1,1,0,0,20220301,20220330
IDFM:393498,0,0,0,0,0,0,1,20220306,20220327
IDFM:393512,0,1,1,0,0,0,0,20220322,20220330
IDFM:393527,0,1,1,1,1,1,0,20220308,20220319
IDFM:393531,1,1,1,1,1,0,0,20220307,20220318
IDFM:393551,0,0,0,0,0,1,0,20220305,20220327
IDFM:393633,1,0,1,1,1,1,1,20220302,20220327
IDFM:393634,0,1,1,1,1,1,1,20220301,20220327
IDFM:393988,0,0,0,0,0,1,1,20220301,20220327
IDFM:393992,0,0,0,0,0,1,1,20220305,20220327
IDFM:394095,1,0,0,0,0,0,1,20220306,20220328
IDFM:394222,1,1,1,1,1,0,1,20220306,20220320
IDFM:394223,1,0,0,0,0,0,1,20220306,20220327
IDFM:394225,0,0,0,0,0,1,1,20220305,20220326
IDFM:394383,1,0,0,0,0,0,0,20220306,20220328
IDFM:394415,1,0,0,0,0,0,1,20220306,20220328
IDFM:394495,1,1,1,1,1,1,1,20220306,20220330
IDFM:394758,1,1,1,1,1,1,0,20220301,20220330
IDFM:394767,1,1,1,1,1,1,0,20220302,20220330
IDFM:394848,1,1,1,1,1,1,1,20220302,20220330
IDFM:394852,1,1,1,1,1,1,1,20220301,20220330
IDFM:395074,1,0,0,0,0,0,1,20220306,20220328
IDFM:395433,0,1,1,1,1,1,0,20220302,20220330
IDFM:395840,1,1,1,1,1,0,0,20220301,20220330
IDFM:395971,0,0,0,0,0,0,1,20220306,20220327
IDFM:396073,0,1,1,1,1,1,0,20220302,20220330
IDFM:396942,0,0,0,0,1,0,0,20220325,20220325
IDFM:397027,0,1,1,0,0,0,0,20220321,20220330
IDFM:397066,1,1,1,0,0,0,0,20220321,20220330
IDFM:397180,1,1,1,1,0,0,0,20220301,20220317
IDFM:397182,0,0,0,0,1,0,0,20220304,20220318
IDFM:397188,1,1,1,1,1,0,0,20220302,20220318
IDFM:397214,1,0,0,0,0,0,1,20220306,20220314
IDFM:397298,0,0,0,0,1,0,0,20220311,20220318
IDFM:397303,1,1,1,1,0,0,0,20220307,20220317
IDFM:397305,0,1,1,1,1,1,0,20220302,20220318
IDFM:397694,1,1,1,1,1,0,0,20220302,20220330
IDFM:397811,0,0,0,0,0,1,1,20220301,20220327
IDFM:397817,1,0,0,0,0,0,1,20220320,20220328
IDFM:398310,1,1,1,1,1,0,0,20220304,20220318
IDFM:399268,1,1,1,1,1,0,0,20220301,20220318
IDFM:399951,1,0,1,1,1,0,0,20220302,20220328
IDFM:399953,0,1,1,0,0,0,0,20220315,20220330
IDFM:399954,1,1,1,1,1,1,0,20220301,20220330
IDFM:399956,0,1,1,0,0,0,1,20220301,20220330
IDFM:399969,0,1,1,1,1,0,0,20220301,20220318
IDFM:399977,1,1,1,1,1,0,1,20220301,20220330
IDFM:399978,0,0,0,0,0,0,1,20220306,20220327
IDFM:399983,1,1,1,1,1,0,0,20220301,20220330
IDFM:399984,1,1,1,1,0,0,0,20220314,20220324
IDFM:400020,0,0,0,0,0,1,0,20220305,20220326
IDFM:400025,0,0,0,0,0,0,1,20220305,20220330
IDFM:400026,1,1,1,0,0,1,0,20220305,20220330
IDFM:400033,1,1,1,1,1,0,1,20220301,20220330
IDFM:400035,1,1,1,1,1,0,1,20220301,20220320
IDFM:400036,1,1,1,0,0,0,0,20220321,20220330
IDFM:400048,1,1,1,1,1,1,0,20220301,20220330
IDFM:400051,1,1,1,1,1,1,0,20220302,20220330
IDFM:400054,0,0,0,0,0,0,1,20220305,20220327
IDFM:400058,1,1,1,1,1,0,0,20220302,20220330
IDFM:400063,0,0,1,1,0,0,0,20220309,20220310
IDFM:400077,0,0,0,0,0,1,1,20220305,20220317
IDFM:400078,0,0,0,0,0,1,0,20220305,20220326
IDFM:400084,1,0,0,0,0,1,0,20220305,20220330
IDFM:400087,1,1,1,1,1,0,1,20220301,20220330
IDFM:400114,1,1,1,1,0,1,0,20220301,20220330
IDFM:400115,0,0,0,0,0,1,0,20220301,20220326
IDFM:400125,1,0,1,1,1,0,0,20220314,20220330
IDFM:400126,1,1,0,1,1,0,0,20220303,20220325
IDFM:400128,0,0,0,1,1,0,0,20220301,20220311
IDFM:400135,1,1,1,1,1,0,0,20220301,20220330
IDFM:400142,0,0,0,0,1,0,0,20220304,20220325
IDFM:400154,0,0,0,0,0,1,0,20220305,20220326
IDFM:400165,0,0,1,0,0,0,0,20220316,20220330
IDFM:400266,1,1,1,1,1,0,0,20220314,20220330
IDFM:400271,0,0,0,0,0,0,1,20220312,20220320
IDFM:400273,0,1,0,0,0,0,0,20220308,20220308
IDFM:400274,1,1,1,1,1,0,0,20220307,20220330
IDFM:400287,1,1,1,1,1,0,0,20220301,20220330
IDFM:400289,1,1,1,1,1,1,0,20220302,20220330
IDFM:400294,0,0,0,0,0,1,1,20220305,20220327
IDFM:400312,0,0,0,0,0,1,0,20220319,20220326
IDFM:400318,0,0,0,0,0,1,1,20220312,20220327
IDFM:400337,0,0,0,0,0,1,0,20220305,20220326
IDFM:400343,1,1,1,1,0,0,0,20220301,20220330
IDFM:400344,1,1,1,1,1,0,0,20220301,20220330
IDFM:400354,1,1,1,1,1,0,0,20220302,20220328
IDFM:400366,1,1,1,1,1,0,0,20220302,20220330
IDFM:400474,0,0,0,0,0,0,1,20220305,20220320
IDFM:400475,0,0,0,0,0,1,1,20220305,20220320
IDFM:400482,1,0,0,0,0,0,1,20220306,20220321
IDFM:400485,0,0,0,0,0,0,1,20220305,20220320
IDFM:400491,1,1,1,1,1,1,1,20220302,20220330
IDFM:400497,1,1,1,1,1,0,0,20220301,20220330
IDFM:400499,1,1,1,1,1,0,0,20220301,20220330
IDFM:400502,0,1,0,0,0,0,0,20220322,20220322
IDFM:400503,1,0,0,1,0,0,0,20220307,20220317
IDFM:400517,1,1,1,1,1,0,0,20220301,20220324
IDFM:400521,0,1,1,1,1,1,0,20220301,20220312
IDFM:400537,0,1,1,1,1,1,0,20220302,20220330
IDFM:400541,0,1,1,1,1,1,0,20220301,20220326
IDFM:400753,1,1,1,1,1,0,0,20220307,20220325
IDFM:402026,1,0,0,0,0,0,0,20220302,20220328
IDFM:403103,0,1,1,1,1,0,0,20220302,20220330
IDFM:404606,0,1,1,1,1,1,0,20220302,20220330
IDFM:404619,1,1,1,1,1,0,0,20220301,20220330
IDFM:405355,0,1,1,1,1,1,0,20220302,20220330
IDFM:405463,0,1,1,1,1,1,0,20220301,20220312
IDFM:406081,1,0,0,0,0,0,0,20220307,20220321
IDFM:406082,1,1,1,1,1,1,0,20220301,20220326
IDFM:406085,1,1,1,1,1,0,1,20220301,20220325
IDFM:406131,0,1,1,1,1,1,0,20220315,20220326
IDFM:406135,0,1,0,0,0,0,0,20220315,20220315
IDFM:407293,0,1,1,1,1,1,0,20220301,20220319
IDFM:407295,0,1,1,0,0,1,0,20220308,20220330
IDFM:407300,1,1,1,0,1,0,0,20220307,20220330
IDFM:407323,0,1,1,1,1,1,0,20220302,20220330
IDFM:407326,1,1,1,0,1,0,0,20220307,20220330
IDFM:407448,0,0,0,0,0,0,1,20220306,20220319
IDFM:407472,0,1,1,1,1,0,0,20220315,20220318
IDFM:407478,1,1,1,1,1,0,0,20220301,20220330
IDFM:407520,0,0,0,0,0,0,1,20220320,20220327
IDFM:407523,1,1,1,1,1,0,1,20220302,20220330
IDFM:407696,0,1,1,1,1,1,0,20220303,20220330
IDFM:408513,1,1,1,1,1,0,1,20220301,20220330
IDFM:408532,1,0,1,1,1,0,0,20220302,20220330
IDFM:408580,1,0,1,1,1,0,1,20220302,20220330
IDFM:408601,1,1,0,0,0,0,0,20220301,20220329
IDFM:408608,1,0,1,1,1,1,0,20220302,20220330
IDFM:408634,0,0,0,1,0,0,0,20220310,20220310
IDFM:408635,0,0,1,0,0,0,0,20220302,20220309
IDFM:408654,1,0,0,1,1,0,0,20220303,20220328
IDFM:408706,0,1,0,0,0,0,0,20220301,20220329
IDFM:408713,1,0,1,1,1,0,0,20220302,20220330
IDFM:408768,0,0,0,0,0,1,1,20220305,20220327
IDFM:408784,1,1,1,1,1,0,0,20220301,20220330
IDFM:408813,0,0,0,0,0,0,1,20220305,20220327
IDFM:408816,0,0,0,0,0,0,1,20220305,20220327
IDFM:408819,0,0,0,0,0,0,1,20220305,20220327
IDFM:408856,0,0,0,0,0,0,1,20220304,20220327
IDFM:408858,0,0,0,0,0,0,1,20220305,20220330
IDFM:408863,1,1,1,1,1,0,0,20220301,20220330
IDFM:408886,0,0,0,0,0,1,1,20220305,20220327
IDFM:408888,0,0,0,0,0,0,1,20220305,20220327
IDFM:408905,1,1,1,0,0,0,0,20220305,20220330
